0 -630.644
0.001 -630.407
0.002 -630.188
0.003 -629.995
0.004 -629.828
0.005 -629.686
0.006 -629.567
0.007 -629.47
0.008 -629.393
0.009 -629.335
0.01 -629.295
0.011 -629.27
0.012 -629.261
0.013 -629.266
0.014 -629.283
0.015 -629.312
0.016 -629.352
0.017 -629.402
0.018 -629.461
0.019 -629.529
0.02 -629.605
0.021 -629.687
0.022 -629.777
0.023 -629.872
0.024 -629.973
0.025 -630.08
0.026 -630.19
0.027 -630.306
0.028 -630.425
0.029 -630.548
0.03 -630.674
0.031 -630.804
0.032 -630.936
0.033 -631.071
0.034 -631.208
0.035 -631.347
0.036 -631.489
0.037 -631.632
0.038 -631.777
0.039 -631.923
0.04 -632.071
0.041 -632.22
0.042 -632.371
0.043 -632.522
0.044 -632.674
0.045 -632.828
0.046 -632.982
0.047 -633.137
0.048 -633.292
0.049 -633.449
0.05 -633.606
0.051 -633.763
0.052 -633.921
0.053 -634.079
0.054 -634.238
0.055 -634.397
0.056 -634.556
0.057 -634.716
0.058 -634.875
0.059 -635.036
